1 100
200
100 200 115 300
228229233 1 17 66
683947119 17 154 68
24944029 154 3 98
535153019 3 84 8
72246153 84 180 94
334785863 180 198 60
59390517 198 38 10
259659731 38 177 92
445474209 177 81 74
977133343 81 51 24
550886349 51 187 2
82104107 187 101 8
726501561 101 13 78
324580343 13 126 4
831592549 126 78 58
206838147 78 8 56
569819345 8 89 46
437486031 89 147 36
716460029 147 186 18
231509211 186 189 4
131534825 189 116 42
796133031 116 191 76
394177685 191 30 78
139061043 30 128 4
625554433 128 112 62
948992639 112 26 96
418394157 26 58 90
127426699 58 69 84
717458713 69 140 66
49008983 140 102 88
324376773 102 190 50
474724067 190 0 52
576199985 0 80 22
670026031 80 50 48
525813341 50 123 34
832077883 123 61 80
698720841 61 124 86
838586375 124 63 24
132018421 63 55 26
141878931 55 137 88
719748193 137 72 30
133618143 72 195 28
833027725 195 43 90
393735147 43 77 68
436959097 77 165 50
918781111 165 199 32
507286309 199 47 82
268441667 47 161 8
346485649 161 168 94
610315407 168 75 8
422388413 75 82 62
94479259 82 196 56
131209897 196 53 54
667484007 53 23 16
568476501 23 127 46
102597107 127 33 20
101848769 33 192 70
618517823 192 83 36
912044781 83 99 54
960538443 99 28 80
148378073 28 188 82
776769047 188 62 84
487434629 62 7 50
670621603 7 65 24
939213809 65 48 2
319719919 48 178 36
818799901 178 98 78
272627451 98 92 48
450863369 92 37 10
468265159 37 14 88
179764149 14 95 30
614574931 95 144 72
220170529 144 73 66
881366175 73 18 52
363416909 18 11 86
961188523 11 172 84
927030329 172 125 90
445946231 125 15 16
667681765 15 71 10
522770179 71 145 100
77377617 145 185 18
282157391 185 139 32
570892669 139 138 70
526795867 138 133 24
786449257 133 93 54
848921127 93 6 44
32807445 6 54 94
914949299 54 193 20
72385409 193 169 82
117357055 169 59 32
485829549 59 91 54
730363915 91 117 100
365202585 117 76 46
171838167 76 158 72
631536197 158 134 22
15203939 134 96 28
942257 96 25 98
256614063 25 171 60
567676381 171 146 38
513551803 146 173 48
488740297 173 156 74
397544327 156 79 72
637762677 79 31 54
294700051 31 104 32
435719137 104 105 18
649269087 105 106 12
611132941 106 115 42
99037035 115 197 92
867120889 197 29 2
180071479 29 110 24
110769317 110 111 66
687049667 111 120 56
56779537 120 88 90
129660943 88 194 20
141390909 194 162 94
648338203 162 149 36
867932201 149 21 42
124779239 21 159 72
390467285 159 86 94
246133619 86 41 28
341787713 41 24 62
779982015 24 19 44
219440237 19 122 34
509572299 122 45 68
353983321 45 12 98
971341207 12 143 60
165284613 143 94 26
836309795 94 113 28
518798705 113 9 22
620486511 9 130 24
657440925 130 131 54
990375547 131 68 96
751192713 68 141 14
873887815 141 175 76
572439861 175 70 54
462883027 70 160 76
486662817 160 40 38
87443999 40 66 8
118996685 66 42 86
48111659 42 132 44
853894585 132 4 10
26443511 4 87 48
3248485 87 119 54
257280643 119 32 84
210266577 32 176 10
18314959 176 155 12
776977661 155 74 54
505243611 74 148 92
777628905 148 108 86
58167719 108 103 36
613461909 103 174 90
544940595 174 152 40
83388161 152 153 6
572155263 153 35 4
266310445 35 90 10
854640011 90 20 76
616964121 20 157 2
396210263 157 182 76
571024837 182 151 54
945585123 151 136 64
28971057 136 64 58
34922543 64 10 100
46833501 10 67 34
359848763 67 60 80
250803529 60 164 38
218501383 164 166 76
123963381 166 167 14
736076179 167 49 88
9463137 49 56 10
919749855 56 163 60
503570829 163 27 26
270468843 27 36 24
852724345 36 181 22
111574455 181 150 8
995626021 150 22 98
98172739 22 129 60
832123025 129 121 54
772252047 121 2 24
604554685 2 179 50
69907611 179 85 68
138735017 85 109 86
728388711 109 39 48
305088085 39 183 2
186418931 183 184 32
954326465 184 57 82
533381183 57 107 72
558648301 107 34 22
690752587 34 52 44
287679705 52 44 2
36086551 44 135 76
404843653 135 142 18
818352291 142 16 56
141389041 16 97 22
344732911 97 170 96
473368605 170 114 14
57496059 114 100 60
926413833 100 5 30
531365319 5 46 20
801210037 46 118 90
247424595 118 1 80
271872545 89 126 12
455159885 141 162 40
607757625 161 70 44
107117797 101 66 88
142891345 121 198 96
119732861 53 98 64
205737065 161 190 44
142384405 125 106 96
980451457 33 182 28
102403757 189 138 16
720890265 9 62 92
1602373 5 98 92
539724209 49 190 36
748302557 5 114 28
938090185 1 182 84
449380213 165 42 36
615385313 105 110 88
295359245 133 170 72
789400057 185 134 76
430681509 141 10 100
994404881 137 30 92
301930301 117 138 56
749314345 9 158 84
728647637 181 122 8
818902849 129 94 84
272235885 53 106 60
50130521 17 166 76
769904133 85 66 40
833906289 105 182 72
609149853 45 138 44
77190025 33 110 64
429867061 101 162 68
602721185 17 78 32
861957069 85 90 28
141799097 17 102 96
838049381 69 178 96
754689745 153 78 52
941725181 109 178 44
23953385 153 38 60
888400021 165 10 16
643013121 65 126 72
926610989 181 2 24
777644313 89 6 12
192093893 141 194 92
560123185 73 166 84
14650461 147 112 38
122807815 135 60 26
813404819 107 184 6
54112223 15 196 2
783084523 139 24 66
281744055 71 12 10
374359107 155 176 42
346016911 39 12 82
255154587 3 128 90
293396327 127 124 46
48729075 139 184 58
702444863 151 44 66
573431115 123 112 18
399975447 151 36 42
855378851 11 120 18
540060143 119 124 34
568765691 3 184 98
78279879 47 116 50
101603155 115 8 74
428960415 135 92 10
279286443 115 144 6
287453047 47 172 66
73335555 83 144 2
750499663 95 28 58
50671707 187 56 90
716740647 127 188 70
545487539 179 72 50
355110911 103 4 74
604038155 155 112 70
263444183 79 76 22
292287587 43 152 78
662579887 111 116 30
283698107 147 104 74
18096519 23 156 54
40071187 179 176 58
729933151 111 196 14
862465899 83 40 90
332350007 191 12 62
977619907 59 184 62
941646351 135 132 82
904513307 171 16 50
919250151 119 180 6
856435059 107 144 10
930048703 39 92 46
865643211 139 80 82
216091031 47 148 98
501076771 51 56 62
823080303 159 180 66
603628667 43 8 98
484688967 15 84 46
761954003 57 150 92
585073869 45 170 56
248037817 145 190 44
141301605 101 122 36
8395217 169 14 48
400 181 88
400 3 98
400 41 94
200 102718440 92 149 63
300 728647637
200 393020799 191 108 50
200 785615868 160 169 83
200 845406661 157 50 28
200 441572010 166 39 37
200 185307451 131 160 82
400 143 84
200 277018910 170 187 57
200 489495263 143 100 10
200 620471260 104 177 79
200 2317349 109 186 92
400 49 88
200 363977648 68 53 3
200 216278953 161 22 52
400 21 84
200 707450692 48 89 79
200 329585133 29 98 12
200 495817778 158 55 1
200 587007651 139 168 34
200 912711056 28 77 67
300 852724345
200 471864263 159 52 2
400 123 88
200 733280218 54 15 53
200 878502827 155 56 66
300 489495263
200 503571790 58 179 81
200 830661199 23 188 22
200 378434444 152 33 15
200 99314965 117 162 68
200 773622970 54 55 13
200 739723531 115 0 70
200 957075032 28 109 67
400 56 88
200 349282223 183 76 50
200 519345004 72 137 7
400 124 86
200 936127251 107 96 14
200 678562880 116 173 39
300 50130521
200 820710711 111 148 66
300 785615868
200 455105802 22 143 77
200 719744027 27 32 2
400 167 84
400 157 92
400 171 98
200 71913594 158 7 77
200 849823179 99 72 34
200 138960920 28 5 23
200 874059377 185 190 28
400 5 92
200 520509740 184 1 55
400 52 92
200 320930771 43 184 2
400 79 92
200 124699158 66 19 13
400 190 88
200 570827877 141 42 48
200 492354250 30 143 69
200 114817243 163 16 42
200 391088872 140 37 67
200 698927617 105 46 60
200 108864758 58 155 81
200 119864663 151 60 42
200 67097716 32 161 15
200 806867549 157 146 20
200 985844962 118 47 65
200 48747155 171 168 66
400 135 92
200 957942742 106 27 53
200 922921143 151 148 42
200 541938260 88 169 35
200 25748669 157 178 28
200 546052546 118 63 49
200 330039795 179 24 74
200 103778720 180 5 7
200 964400089 73 150 32
200 188461934 58 27 53
200 810366447 95 84 90
200 922794156 128 153 35
200 73992117 99 48 10
200 570546048 132 5 39
200 217767481 33 126 64
200 601582670 98 19 25
200 450235727 23 60 42
200 511160972 168 137 11
200 557281301 117 50 4
400 41 94
400 23 92
200 452381814 34 139 45
200 619998423 165 162 32
200 89735978 62 47 9
200 543529403 187 8 34
200 197700168 36 69 55
200 268837345 17 94 84
200 109554006 10 179 81
400 166 84
400 180 92
200 328300483 107 104 54
200 320604208 100 13 15
200 250012713 113 174 28
200 73886334 90 43 41
400 30 92
200 117646957 21 130 84
200 819413170 46 183 89
200 702349091 91 16 70
200 539563024 12 13 47
400 120 86
200 830200391 87 180 50
200 85186468 0 193 55
200 603067597 165 146 64
200 209644434 22 7 65
200 69528707 75 144 42
400 183 84
300 603628667
200 567543820 56 97 83
400 132 92
200 624430643 51 88 26
400 167 84
200 538908150 40 137 15
200 27537861 51 40 22
400 199 92
200 30284902 18 59 25
300 670621603
200 44302325 61 34 56
400 17 66
400 87 92
400 45 92
200 266038236 88 81 71
200 761862181 149 58 56
200 876269450 134 63 33
200 417838235 51 152 34
200 444985256 68 45 59
400 184 66
200 787901503 47 60 90
200 350824892 192 97 95
300 445946231
200 207813795 75 88 50
200 920812432 164 165 75
200 313947657 177 14 20
400 13 84
200 934165284 112 97 67
300 138960920
300 867120889
200 98089785 57 118 60
200 221180750 194 147 93
400 14 82
200 929766013 61 82 16
400 193 70
200 487005032 116 157 19
200 87903361 105 174 56
400 5 74
200 984699772 64 65 31
200 388385093 133 138 56
200 484134442 78 143 29
200 722859195 43 80 58
200 818646856 12 189 19
200 110837985 65 38 16
200 160532054 130 99 73
200 205955895 199 132 6
200 257731284 104 9 51
200 719509821 165 90 88
200 205478978 142 39 93
200 56706675 67 176 2
400 47 92
200 275895094 82 35 73
400 86 94
200 960682501 141 146 60
200 253742058 142 87 53
400 138 74
400 184 66
400 46 74
400 188 94
200 431782355 123 104 26
300 171838167
200 961862166 82 179 61
200 40728055 63 36 74
400 163 88
400 185 100
400 159 84
200 652309126 2 115 73
200 446856871 15 188 94
200 763284612 168 33 51
200 880495661 117 114 28
200 136584562 6 7 77
200 704878819 75 80 86
400 191 76
200 671337830 34 43 77
200 385042439 111 84 18
400 83 70
200 216982810 110 39 53
200 561076203 27 80 58
200 123389368 116 29 87
400 184 66